1998 14,4	14,3	11,5	10,9	15,7	19,2	15,5	20,5	25,8	28,7	22,3	28,0
1999 24,2	22,7	18,9	14,6	14,7	11,0	12,6	8,8	9,7	9,0	9,4	8,5
2000 13,4	7,9	7,6	5,4	7,3	7,1	6,4	5,1	4,6	4,5	4,6	4,2
2001 3,3	3,9	3,7	3,5	4,8	4,1	3,7	4,7	4,8	4,7	4,1	4,2
2002 9,4	9,2	10,3	10,6	11,1	11,1	12,6	10,3	10,9	13,7	14,1	12,8
2003 13,7	13,4	12,7	12,2	12,1	12,1	12,0	11,6	10,4	11,2	11,2	11,7
2004 11,4	10,8	10,8	10,0	10,1	9,7	10,0	10,0	10,3	10,3	10,3	10,2
2005 10,2	10,1	9,7	8,7	9,1	9,1	8,9	8,7	8,8	8,7	8,9	8,4
2006 8,5	8,7	8,5	9,1	8,7	8,4	7,9	8,7	8,6	8,6	8,8	8,9
2007 8,4	8,2	8,3	8,2	8,2	8,2	7,9	7,8	7,8	8,0	8,0	8,0
2008 7,6	7,4	7,7	7,7	7,4	8,2	8,2	8,1	8,2	9,6	10,5	11,2
2009 11,5	11,6	12,1	12,5	12,6	12,5	12,6	12,6	12,6	12,4	12,0	11,2
2010 10,8	9,9	9,1	8,7	8,2	7,9	7,5	7,5	7,2	7,1	7,0	6,8
2011 6,7	6,5	6,3	6,2	6,2	6,2	6,1	6,2	6,3	6,9	7,3	7,8
2012 7,6	7,2	7,0	7,7	7,9	8,0	7,8	7,7	7,8	8,1	8,2	8,4
